0.38431373
0.40392157
0.3764706
0.4
0.39215687
0.38039216
0.28627452
0.3254902
0.3764706
0.38431373
0.39607844
0.40784314
0.41568628
0.38039216
0.3529412
0.34509805
0.27058825
0.34117648
0.36862746
0.3372549
0.35686275
0.34509805
0.3647059
0.34901962
0.30980393
0.27058825
0.2784314
0.28235295
0.2784314
0.2784314
0.34509805
0.34901962
0.3647059
0.33333334
0.3254902
0.3372549
0.32941177
0.32156864
0.31764707
0.3254902
0.30980393
0.30588236
0.3137255
0.3019608
0.28627452
0.3019608
0.30980393
0.32156864
0.31764707
0.32156864
0.31764707
0.31764707
0.32156864
0.32156864
0.3254902
0.32156864
0.32156864
0.3137255
0.29803923
0.2901961
0.29411766
0.30980393
0.3254902
0.3137255
0.3137255
0.3137255
0.32156864
0.32156864
0.31764707
0.32941177
0.33333334
0.34117648
0.3372549
0.3372549
0.3372549
0.34901962
0.3882353
0.40392157
0.40784314
0.41960785
0.44313726
0.4392157
0.45882353
0.46666667
0.4745098
0.4745098
0.4627451
0.43529412
0.43137255
0.44313726
0.4509804
0.47058824
0.4745098
0.4862745
0.4745098
0.47843137
0.47843137
0.48235294
0.4745098
0.4627451
0.4627451
0.45882353
0.43529412
0.4392157
0.44313726
0.45490196
0.45490196
0.45882353
0.44705883
0.44313726
0.44313726
0.42745098
0.41568628
0.41568628
0.40392157
0.39607844
0.38431373
0.3882353
0.3882353
0.39607844
0.39215687
0.3882353
0.3882353
0.3764706
0.36078432
0.34901962
0.35686275
0.34509805
0.34901962
0.33333334
0.32156864
0.30980393
0.3254902
0.33333334
0.31764707
0.29803923
0.29803923
0.30588236
0.32941177
0.3019608
0.29803923
0.2901961
0.34509805
0.43137255
0.5137255
0.5568628
0.5137255
0.4117647
0.3254902
0.34117648
0.4509804
0.44313726
0.50980395
0.53333336
0.52156866
0.58431375
0.5686275
0.5882353
0.56078434
0.6117647
0.627451
0.6156863
0.59607846
0.5882353
0.654902
0.5686275
0.6
0.65882355
0.60784316
0.6392157
0.5921569
0.56078434
0.5647059
0.5803922
0.5764706
0.57254905
0.5803922
0.49803922
0.5529412
0.5803922
0.5803922
0.6156863
0.5372549
0.6039216
0.6039216
0.5764706
0.59607846
0.54509807
0.4862745
0.5647059
0.5882353
0.50980395
0.5058824
0.5254902
0.5686275
0.49803922
0.43137255
0.41568628
0.50980395
0.22745098
0.21960784
0.13333334
0.050980393
0.03137255
0.019607844
0.011764706
0.023529412
0.047058824
0.02745098
0.015686275
0.019607844
0.02745098
0.019607844
0.023529412
0.023529412
0.019607844
0.019607844
0.019607844
0.023529412
0.023529412
0.019607844
0.019607844
0.023529412
0.023529412
0.023529412
0.023529412
0.02745098
0.023529412
0.02745098
0.023529412
0.023529412
0.023529412
0.02745098
0.023529412
0.023529412
0.023529412
0.023529412
0.023529412
0.023529412
0.023529412
0.023529412
0.023529412
0.023529412
0.023529412
0.023529412
0.03137255
0.02745098
0.03137255
0.02745098
0.02745098
0.023529412
0.019607844
0.02745098
0.03529412
0.03137255
0.03137255
0.02745098
0.03529412
0.03137255
0.02745098
0.02745098
0.02745098
0.02745098
0.02745098
0.02745098
0.02745098
0.02745098
0.03137255
0.02745098
0.03137255
0.02745098
0.03137255
0.03137255
0.03137255
0.02745098
0.03529412
0.03137255
0.03529412
0.03529412
0.03529412
0.039215688
0.039215688
0.05490196
0.050980393
0.05490196
0.05882353
0.06666667
0.06666667
0.07058824
0.07058824
0.08627451
0.08627451
0.09019608
0.101960786
0.10980392
0.13333334
0.14117648
0.14509805
0.16078432
0.17254902
0.2
0.20392157
0.21568628
0.21960784
0.22745098
0.23921569
0.23137255
0.25490198
0.28235295
0.25882354
0.23529412
0.22745098
0.22352941
0.22745098
0.21960784
0.21960784
0.21960784
0.22352941
0.23137255
0.23137255
0.27058825
0.22745098
0.70980394
0.99607843
0.49803922
0.21568628
0.15294118
0.11372549
0.09019608
0.09411765
0.08627451
0.078431375
0.078431375
0.06666667
0.06666667
0.0627451
0.0627451
0.06666667
0.0627451
0.078431375
0.06666667
0.07450981
0.09411765
0.827451
0.90588236
0.90588236
0.9019608
0.8980392
0.90588236
0.8980392
0.9019608
0.90588236
0.9019608
0.8901961
0.9098039
0.8980392
0.8862745
0.88235295
0.87058824
0.8862745
0.8980392
0.87058824
0.8862745
0.9137255
0.8862745
0.89411765
0.8862745
0.8980392
0.8980392
0.90588236
0.8980392
0.89411765
0.8784314
0.8980392
0.85490197
0.8235294
0.79607844
0.7882353
0.7294118
0.7019608
0.6745098
0.6156863
0.6
0.5529412
0.5372549
0.5294118
0.54509807
0.5647059
0.5058824
0.49803922
0.5176471
0.52156866
0.50980395
0.50980395
0.5176471
0.5137255
0.5137255
0.50980395
0.53333336
0.5254902
0.5254902
0.5254902
0.5254902
0.5176471
0.52156866
0.50980395
0.5137255
0.54509807
0.5529412
0.63529414
0.67058825
0.69411767
0.69803923
0.6784314
0.68235296
0.65882355
0.6509804
0.654902
0.6901961
0.69411767
0.6862745
0.68235296
0.6784314
0.67058825
0.6627451
0.7411765
0.8392157
0.7529412
0.3764706
0.6627451
0.6666667
0.56078434
0.65882355
0.6862745
0.7176471
0.61960787
0.6784314
0.7058824
0.7921569
0.59607846
0.6627451
0.69803923
0.6901961
0.58431375
0.6509804
0.7137255
0.67058825
0.63529414
0.6431373
0.7411765
0.60784316
0.627451
0.6745098
0.76862746
0.56078434
0.57254905
0.6509804
0.58431375
0.50980395
0.5294118
0.6901961
0.5019608
0.54509807
0.4627451
0.45490196
0.4117647
0.4
0.3529412
0.34509805
0.3764706
0.4509804
0.4392157
0.44705883
0.42745098
0.39215687
0.4117647
0.42745098
0.41960785
0.49803922
0.40392157
0.0
0.0
0.0
0.0
0.0
0.0
0.0
0.0
0.0
0.0
0.0
0.0
0.0
0.0
0.0
0.0
0.0
0.0
0.0
0.0
0.0
0.0
0.0
0.0
0.0
0.0
0.0
0.0
0.0
0.0
0.0
0.0
0.0
0.0
0.0
0.0
0.0
0.0
0.0
0.0
0.0
0.0
0.0
0.0
0.0
0.0
0.0
0.0
0.0
0.0
0.0
0.0
0.0
0.0
0.0
0.0
0.0
0.0
0.0
0.0
0.0
0.0
0.0
0.0
0.0
0.0
0.0
0.0
0.0
0.0
0.0
0.0
0.0
0.0
0.0
0.0
0.0
0.0
0.0
0.0
0.0
0.0
0.0
0.0
0.0
0.0
0.0
0.0
0.0
0.0
0.0
0.0
0.0
0.0
0.0
0.0
0.0
0.0
0.0
0.0
0.0
0.0
0.0
0.0
0.0
0.0
0.0
0.0
0.0
0.0
0.0
0.0
0.0
0.0
0.0
0.0
0.0
0.0
0.0
0.0
0.0
0.0
0.0
0.0
0.0
0.0
0.0
0.0
0.0
0.0
0.0
0.0
0.0
0.0
0.0
0.0
0.0
0.0
0.0
0.0
0.0
0.0
0.0
0.0
0.0
0.0
0.0
0.0
0.0
0.0
0.0
0.0
0.0
0.0
0.0
0.0
0.0
0.0
0.0
0.0
